-0.0001
-0.0001
 0.0098
 0.1686
 0.0098
 0.0000
-0.0001
-0.0000
-0.0000
 0.3041
 0.0185
-0.0000
-0.0000
 0.0000
-0.0008
-0.0008
-0.0000
 1.1576
 0.0000
 0.0000
 0.0000
-0.0000
 0.0001
29.1056
 0.3054
 0.3054
-2.2957
 0.4424
-0.0000
-0.0000
 0.0061
29.1056
29.1056
 0.2625
-0.0497
 0.2432
-0.0497
-0.0497
 0.5354
 0.2432
 0.2432
 0.2432
 0.2433
-0.0497
 0.2625
-0.0000
 0.0000
 0.0000
 0.0064
 0.9268
 8.6018
 7.3542
 8.2485
-0.0000
 9.8765
-0.0006
19.2291
-0.1544
-26.0133
30.4020
 0.0064
 0.9268
 8.6018
 0.0064
 0.9268
 8.6018
 7.3542
 7.3542
 8.2485
 8.2485
 0.0064
 0.0064
 0.9268
 0.0064
 0.9268
 8.6018
 8.6018
 8.6018
 7.3542
 8.6018
 8.6018
 8.6018
 8.2485
-0.0000
 9.8765
-0.0000
 9.8765
 7.3542
 0.0064
 7.3542
 0.0064
 0.0064
 8.2485
 0.9268
 0.9268
 0.0064
 8.6018
 8.6018
 0.9268
 8.6018
-0.0000
 9.8765
 7.3542
 8.2485
-24.9670
 0.0016
 4.2841
-24.9670
-49.5230
10.0567
 0.0022
-0.0000
 0.0111
 0.0064
-0.0092
 2.2073
-0.0334
 0.0009
-0.0002
-0.0006
 0.0026
 0.0462
 0.0026
 0.0004
 0.0001
-0.0001
 0.0001
 0.0022
 0.0004
 0.0022
-0.0000
-0.0000
 0.0263
-0.0000
-0.0000
 0.0352
-0.0000
-0.0000
 0.0260
-0.0000
-0.0001
 0.0000
 0.0297
 0.0218
-0.0000
-4.3156
 0.0000
 0.0004
-0.0000
-0.0000
-0.0000
-0.0117
 0.0001
-0.3146
-0.0000
 1.7354
122.0653
 0.0000
 0.0000
 0.0001
 1.7766
 3.6437
 0.0000
 0.0000
 0.0288
 0.0000
 0.0320
 0.0000
 0.0288
 0.0000
-0.0000
 0.0288
 0.0312
 0.0103
 0.0288
 0.0288
-0.0108
 0.0069
 0.0022
-0.1131
 0.0000
-0.1128
-0.0000
 9.0787
 4.7885
 5.4350
 2.2554
-18.4357
 7.6969
 1.6454
 5.7047
 1.8103
 0.0000
 0.0077
 0.0077
 0.0077
 0.0077
 0.0000
 0.0005
-0.0044
 0.0000
 0.0000
 0.0000
 0.0000
 0.0000
 0.0000
10.0447
-0.0001
-0.0001
 0.0000
 0.0000
 0.0002
-0.0003
 0.0004
 0.0003
-0.0002
 0.0002
-0.0003
-0.0003
-0.0005
 0.0006
 0.0004
-0.0004
-0.0007
-0.0001
 0.0001
