 0.0000
 0.0000
 0.0747
-3.4223
 0.0747
-0.0000
-0.0011
-0.0000
-0.0000
-0.4245
-0.2144
-0.0001
 0.0000
-0.0000
 0.0586
 0.0586
 0.0000
-1.0377
 0.0000
 0.0000
 0.0000
-0.0001
-0.3537
23.6063
-0.4162
-0.4162
-2.4847
-0.5849
-0.7034
-0.7035
 0.0533
23.6063
23.6063
-0.4150
 0.2290
-0.2685
 0.2290
 0.2290
-0.4145
-0.2685
-0.2685
-0.2685
-0.2684
 0.2290
-0.4150
-0.3472
 0.0000
-0.0001
-0.0445
-2.0921
14.1078
12.6267
13.4148
 0.0000
16.2492
-0.0524
 9.7887
 0.6023
-20.2048
24.3157
-0.0445
-2.0921
14.1078
-0.0445
-2.0921
14.1078
12.6267
12.6267
13.4148
13.4148
-0.0445
-0.0445
-2.0921
-0.0445
-2.0921
14.1078
14.1078
14.1078
12.6267
14.1078
14.1078
14.1078
13.4148
 0.0000
16.2492
 0.0000
16.2492
12.6267
-0.0445
12.6267
-0.0445
-0.0445
13.4148
-2.0921
-2.0921
-0.0445
14.1078
14.1078
-2.0921
14.1078
 0.0000
16.2492
12.6267
13.4148
-15.4208
-0.0302
 1.2419
-15.4208
-32.1864
 6.8113
-0.0122
-0.0000
-0.0771
 0.0057
 0.0411
-4.6172
 0.1010
-0.0168
-0.0108
-0.0099
-0.0098
 0.0143
-0.0098
-0.0035
-0.0001
-0.0017
 0.0001
-0.0122
-0.0035
-0.0122
 0.0001
-0.0000
-0.3207
-0.0000
-0.0000
-0.2695
-0.0000
-0.0001
-0.2121
-0.0000
-0.0017
-0.0000
-0.2780
-0.4813
 0.0000
-1.7166
 0.0000
-0.0035
 0.0000
-0.0000
-0.0000
 0.0719
 0.0001
 0.1190
 0.0001
 2.3428
12.3021
-0.9470
-0.9470
-0.8119
-0.6340
 2.9078
 0.0000
 0.0000
-0.3116
 0.0000
-0.5071
 0.0000
-0.3116
 0.0000
 0.0000
-0.3116
-0.1862
-0.0763
-0.3116
-0.3116
 0.0572
-0.0563
-0.0122
-0.1865
-0.0000
-0.1862
-0.0000
 0.8950
 2.1359
 1.4317
 0.0010
-12.7381
 5.0840
-1.6670
 0.9165
 0.4634
 0.0000
-0.0568
-0.0568
-0.0568
-0.0568
 0.0000
-0.0001
-0.0011
 0.2505
 0.0000
 0.0000
 0.0000
 0.0000
 0.0000
 6.8209
-0.1557
-0.8480
-0.4270
-0.4196
 0.2017
-0.5198
-0.6819
-0.8281
 0.0195
-0.7093
-0.9316
-1.9568
-1.8077
-2.2037
-2.1968
-1.3710
-0.7619
-1.1086
-0.9477
