 0.0001
 0.0001
-0.1008
-3.7443
-0.1008
 0.0001
 0.0014
-0.0000
-0.0000
 0.0839
 0.1998
 0.0000
-0.0001
-0.0001
-0.0050
-0.0050
-0.0002
-0.7404
 0.0000
 0.0000
 0.0000
 0.0001
-0.0001
22.6178
 0.0711
 0.0711
-1.6810
 0.0853
 0.0001
-0.0001
-0.0589
22.6178
22.6178
 0.1250
-0.1249
-0.0539
-0.1249
-0.1249
-0.2284
-0.0539
-0.0539
-0.0539
-0.0539
-0.1249
 0.1250
-0.0000
-0.0000
 0.0000
 0.0377
-1.3604
 8.1584
 5.6939
 5.7310
-0.0000
 9.0656
 0.0631
 9.7887
-0.4419
-19.8074
22.9786
 0.0377
-1.3604
 8.1584
 0.0377
-1.3604
 8.1584
 5.6939
 5.6939
 5.7310
 5.7310
 0.0377
 0.0377
-1.3604
 0.0377
-1.3604
 8.1584
 8.1584
 8.1584
 5.6939
 8.1584
 8.1584
 8.1584
 5.7310
-0.0000
 9.0656
-0.0000
 9.0656
 5.6939
 0.0377
 5.6939
 0.0377
 0.0377
 5.7310
-1.3604
-1.3604
 0.0377
 8.1584
 8.1584
-1.3604
 8.1584
-0.0000
 9.0656
 5.6939
 5.7310
-13.9961
 0.0304
 1.7479
-13.9961
-30.1572
 7.1202
 0.0110
-0.0000
 0.0737
 0.0055
 0.1523
-4.0787
 0.2301
 0.0036
 0.0097
 0.0091
 0.0090
 0.0105
 0.0090
 0.0037
-0.0000
 0.0014
 0.0001
 0.0110
 0.0037
 0.0110
 0.0000
-0.0000
 0.3137
-0.0000
-0.0000
 0.2374
-0.0000
-0.0000
 0.1983
-0.0000
 0.0014
 0.0000
 0.2667
 0.4900
 0.0000
-1.5465
 0.0001
 0.0037
-0.0000
-0.0000
-0.0000
-0.0727
-0.0004
 0.3897
-0.0001
 2.7009
 3.5720
 0.0000
 0.0000
-0.0001
-0.1073
 2.8167
 0.0001
-0.0000
 0.2894
-0.0000
 0.5070
-0.0001
 0.2894
 0.0001
-0.0000
 0.2894
 0.1691
 0.0715
 0.2894
 0.2894
-0.0470
 0.0491
 0.0110
-0.5079
 0.0000
-0.5077
 0.0000
 2.6487
 4.5494
 4.2596
 0.8726
-11.8056
 6.4409
-1.4916
 1.4260
 0.4443
-0.0000
 0.0486
 0.0486
 0.0486
 0.0486
 0.0001
-0.0016
 0.0042
-0.0015
 0.0001
 0.0001
 0.0001
 0.0001
 0.0001
 7.1568
-0.0000
-0.0003
 0.0002
-0.0001
-0.0001
-0.0002
 0.0004
 0.0001
 0.0002
-0.0004
 0.0011
 0.0010
-0.0005
-0.0002
 0.0007
-0.0009
 0.0002
-0.0003
 0.0000
